1 1 8
1 1 9
1 1 10
1 1 11
1 1 12
1 2 8
1 2 9
1 2 10
1 2 11
1 2 12
1 3 8
1 3 9
1 3 10
1 3 11
1 3 12
1 4 8
1 4 9
1 4 10
1 4 11
1 4 12
2 1 8
2 1 9
2 1 10
2 1 11
2 1 12
2 2 8
2 2 9
2 2 10
2 2 11
2 2 12
2 3 8
2 3 9
2 3 10
2 3 11
2 3 12
2 4 8
2 4 9
2 4 10
2 4 11
2 4 12
3 1 8
3 1 9
3 1 10
3 1 11
3 1 12
3 2 8
3 2 9
3 2 10
3 2 11
3 2 12
3 3 8
3 3 9
3 3 10
3 3 11
3 3 12
3 4 8
3 4 9
3 4 10
3 4 11
3 4 12
4 1 8
4 1 9
4 1 10
4 1 11
4 1 12
4 2 8
4 2 9
4 2 10
4 2 11
4 2 12
4 3 8
4 3 9
4 3 10
4 3 11
4 3 12
4 4 8
4 4 9
4 4 10
4 4 11
4 4 12
